1,0
2,5.0
3,12.0
4,22.0
5,35.0
6,51.0
7,70.0
8,92.0
9,117.0
10,145.0
11,176.0
12,210.0
13,247.0
14,287.0
15,330.0
16,376.0
17,425.0
18,477.0
19,532.0
20,590.0
21,651.0
22,715.0
23,782.0
24,852.0
25,925.0
26,1001.0
27,1080.0
28,1162.0
29,1247.0
30,1335.0
31,1426.0
32,1520.0
33,1617.0
34,1717.0
35,1820.0
36,1926.0
37,2035.0
38,2147.0
39,2262.0
40,2380.0
41,2501.0
42,2625.0
43,2752.0
44,2882.0
45,3015.0
46,3151.0
47,3290.0
48,3432.0
49,3577.0
50,3725.0
51,3876.0
52,4030.0
53,4187.0
54,4347.0
55,4510.0
56,4676.0
57,4845.0
58,5017.0
59,5192.0
60,5370.0
61,5551.0
62,5735.0
63,5922.0
64,6112.0
65,6305.0
66,6501.0
67,6700.0
68,6902.0
69,7107.0
70,7315.0
71,7526.0
72,7740.0
73,7957.0
74,8177.0
75,8400.0
76,8626.0
77,8855.0
78,9087.0
79,9322.0
80,9560.0
81,9801.0
82,10045.0
83,10292.0
84,10542.0
85,10795.0
86,11051.0
87,11310.0
88,11572.0
89,11837.0
90,12105.0
91,12376.0
92,12650.0
93,12927.0
94,13207.0
95,13490.0
96,13776.0
97,14065.0
98,14357.0
99,14652.0
100,14950.0
101,15251.0
102,15555.0
103,15862.0
104,16172.0
105,16485.0
106,16801.0
107,17120.0
108,17442.0
109,17767.0
110,18095.0
111,18426.0
112,18760.0
113,19097.0
114,19437.0
115,19780.0
116,20126.0
117,20475.0
118,20827.0
119,21182.0
120,21540.0
121,21901.0
122,22265.0
123,22632.0
124,23002.0
125,23375.0
126,23751.0
127,24130.0
128,24512.0
129,24897.0
130,25285.0
131,25676.0
132,26070.0
133,26467.0
134,26867.0
135,27270.0
136,27676.0
137,28085.0
138,28497.0
139,28912.0
140,29330.0
141,29751.0
142,30175.0
143,30602.0
144,31032.0
145,31465.0
146,31901.0
147,32340.0
148,32782.0
149,33227.0
150,33675.0
151,34126.0
152,34580.0
153,35037.0
154,35497.0
155,35960.0
156,36426.0
157,36895.0
158,37367.0
159,37842.0
160,38320.0
161,38801.0
162,39285.0
163,39772.0
164,40262.0
165,40755.0
166,41251.0
167,41750.0
168,42252.0
169,42757.0
170,43265.0
171,43776.0
172,44290.0
173,44807.0
174,45327.0
175,45850.0
176,46376.0
177,46905.0
178,47437.0
179,47972.0
180,48510.0
181,49051.0
182,49595.0
183,50142.0
184,50692.0
185,51245.0
186,51801.0
187,52360.0
188,52922.0
189,53487.0
190,54055.0
191,54626.0
192,55200.0
193,55777.0
194,56357.0
195,56940.0
196,57526.0
197,58115.0
198,58707.0
199,59302.0
200,59900.0
201,60501.0
202,61105.0
203,61712.0
204,62322.0
205,62935.0
206,63551.0
207,64170.0
208,64792.0
209,65417.0
210,66045.0
211,66676.0
212,67310.0
213,67947.0
214,68587.0
215,69230.0
216,69876.0
217,70525.0
218,71177.0
219,71832.0
220,72490.0
221,73151.0
222,73815.0
223,74482.0
224,75152.0
225,75825.0
226,76501.0
227,77180.0
228,77862.0
229,78547.0
230,79235.0
231,79926.0
232,80620.0
233,81317.0
234,82017.0
235,82720.0
236,83426.0
237,84135.0
238,84847.0
239,85562.0
240,86280.0
241,87001.0
242,87725.0
243,88452.0
244,89182.0
245,89915.0
246,90651.0
247,91390.0
248,92132.0
249,92877.0
250,93625.0
251,94376.0
252,95130.0
253,95887.0
254,96647.0
255,97410.0
256,98176.0
257,98945.0
258,99717.0
259,100492.0
260,101270.0
261,102051.0
262,102835.0
263,103622.0
264,104412.0
265,105205.0
266,106001.0
267,106800.0
268,107602.0
269,108407.0
270,109215.0
271,110026.0
272,110840.0
273,111657.0
274,112477.0
275,113300.0
276,114126.0
277,114955.0
278,115787.0
279,116622.0
280,117460.0
281,118301.0
282,119145.0
283,119992.0
284,120842.0
285,121695.0
286,122551.0
287,123410.0
288,124272.0
289,125137.0
290,126005.0
291,126876.0
292,127750.0
293,128627.0
294,129507.0
295,130390.0
296,131276.0
297,132165.0
298,133057.0
299,133952.0
300,134850.0
301,135751.0
302,136655.0
303,137562.0
304,138472.0
305,139385.0
306,140301.0
307,141220.0
308,142142.0
309,143067.0
310,143995.0
311,144926.0
312,145860.0
313,146797.0
314,147737.0
315,148680.0
316,149626.0
317,150575.0
318,151527.0
319,152482.0
320,153440.0
321,154401.0
322,155365.0
323,156332.0
324,157302.0
325,158275.0
326,159251.0
327,160230.0
328,161212.0
329,162197.0
330,163185.0
331,164176.0
332,165170.0
333,166167.0
334,167167.0
335,168170.0
336,169176.0
337,170185.0
338,171197.0
339,172212.0
340,173230.0
341,174251.0
342,175275.0
343,176302.0
344,177332.0
345,178365.0
346,179401.0
347,180440.0
348,181482.0
349,182527.0
350,183575.0
351,184626.0
352,185680.0
353,186737.0
354,187797.0
355,188860.0
356,189926.0
357,190995.0
358,192067.0
359,193142.0
360,194220.0
361,195301.0
362,196385.0
363,197472.0
364,198562.0
365,199655.0
366,200751.0
367,201850.0
368,202952.0
369,204057.0
370,205165.0
371,206276.0
372,207390.0
373,208507.0
374,209627.0
375,210750.0
376,211876.0
377,213005.0
378,214137.0
379,215272.0
380,216410.0
381,217551.0
382,218695.0
383,219842.0
384,220992.0
385,222145.0
386,223301.0
387,224460.0
388,225622.0
389,226787.0
390,227955.0
391,229126.0
392,230300.0
393,231477.0
394,232657.0
395,233840.0
396,235026.0
397,236215.0
398,237407.0
399,238602.0
400,239800.0
401,241001.0
402,242205.0
403,243412.0
404,244622.0
405,245835.0
406,247051.0
407,248270.0
408,249492.0
409,250717.0
410,251945.0
411,253176.0
412,254410.0
413,255647.0
414,256887.0
415,258130.0
416,259376.0
417,260625.0
418,261877.0
419,263132.0
420,264390.0
421,265651.0
422,266915.0
423,268182.0
424,269452.0
425,270725.0
426,272001.0
427,273280.0
428,274562.0
429,275847.0
430,277135.0
431,278426.0
432,279720.0
433,281017.0
434,282317.0
435,283620.0
436,284926.0
437,286235.0
438,287547.0
439,288862.0
440,290180.0
441,291501.0
442,292825.0
443,294152.0
444,295482.0
445,296815.0
446,298151.0
447,299490.0
448,300832.0
449,302177.0
450,303525.0
451,304876.0
452,306230.0
453,307587.0
454,308947.0
455,310310.0
456,311676.0
457,313045.0
458,314417.0
459,315792.0
460,317170.0
461,318551.0
462,319935.0
463,321322.0
464,322712.0
465,324105.0
466,325501.0
467,326900.0
468,328302.0
469,329707.0
470,331115.0
471,332526.0
472,333940.0
473,335357.0
474,336777.0
475,338200.0
476,339626.0
477,341055.0
478,342487.0
479,343922.0
480,345360.0
481,346801.0
482,348245.0
483,349692.0
484,351142.0
485,352595.0
486,354051.0
487,355510.0
488,356972.0
489,358437.0
490,359905.0
491,361376.0
492,362850.0
493,364327.0
494,365807.0
495,367290.0
496,368776.0
497,370265.0
498,371757.0
499,373252.0
500,374750.0
501,376251.0
502,377755.0
503,379262.0
504,380772.0
505,382285.0
506,383801.0
507,385320.0
508,386842.0
509,388367.0
510,389895.0
511,391426.0
512,392960.0
513,394497.0
514,396037.0
515,397580.0
516,399126.0
517,400675.0
518,402227.0
519,403782.0
520,405340.0
521,406901.0
522,408465.0
523,410032.0
524,411602.0
525,413175.0
526,414751.0
527,416330.0
528,417912.0
529,419497.0
530,421085.0
531,422676.0
532,424270.0
533,425867.0
534,427467.0
535,429070.0
536,430676.0
537,432285.0
538,433897.0
539,435512.0
540,437130.0
541,438751.0
542,440375.0
543,442002.0
544,443632.0
545,445265.0
546,446901.0
547,448540.0
548,450182.0
549,451827.0
550,453475.0
551,455126.0
552,456780.0
553,458437.0
554,460097.0
555,461760.0
556,463426.0
557,465095.0
558,466767.0
559,468442.0
560,470120.0
561,471801.0
562,473485.0
563,475172.0
564,476862.0
565,478555.0
566,480251.0
567,481950.0
568,483652.0
569,485357.0
570,487065.0
571,488776.0
572,490490.0
573,492207.0
574,493927.0
575,495650.0
576,497376.0
577,499105.0
578,500837.0
579,502572.0
580,504310.0
581,506051.0
582,507795.0
583,509542.0
584,511292.0
585,513045.0
586,514801.0
587,516560.0
588,518322.0
589,520087.0
590,521855.0
591,523626.0
592,525400.0
593,527177.0
594,528957.0
595,530740.0
596,532526.0
597,534315.0
598,536107.0
599,537902.0
600,539700.0
601,541501.0
602,543305.0
603,545112.0
604,546922.0
605,548735.0
606,550551.0
607,552370.0
608,554192.0
609,556017.0
610,557845.0
611,559676.0
612,561510.0
613,563347.0
614,565187.0
615,567030.0
616,568876.0
617,570725.0
618,572577.0
619,574432.0
620,576290.0
621,578151.0
622,580015.0
623,581882.0
624,583752.0
625,585625.0
626,587501.0
627,589380.0
628,591262.0
629,593147.0
630,595035.0
631,596926.0
632,598820.0
633,600717.0
634,602617.0
635,604520.0
636,606426.0
637,608335.0
638,610247.0
639,612162.0
640,614080.0
641,616001.0
642,617925.0
643,619852.0
644,621782.0
645,623715.0
646,625651.0
647,627590.0
648,629532.0
649,631477.0
650,633425.0
651,635376.0
652,637330.0
653,639287.0
654,641247.0
655,643210.0
656,645176.0
657,647145.0
658,649117.0
659,651092.0
660,653070.0
661,655051.0
662,657035.0
663,659022.0
664,661012.0
665,663005.0
666,665001.0
667,667000.0
668,669002.0
669,671007.0
670,673015.0
671,675026.0
672,677040.0
673,679057.0
674,681077.0
675,683100.0
676,685126.0
677,687155.0
678,689187.0
679,691222.0
680,693260.0
681,695301.0
682,697345.0
683,699392.0
684,701442.0
685,703495.0
686,705551.0
687,707610.0
688,709672.0
689,711737.0
690,713805.0
691,715876.0
692,717950.0
693,720027.0
694,722107.0
695,724190.0
696,726276.0
697,728365.0
698,730457.0
699,732552.0
700,734650.0
701,736751.0
702,738855.0
703,740962.0
704,743072.0
705,745185.0
706,747301.0
707,749420.0
708,751542.0
709,753667.0
710,755795.0
711,757926.0
712,760060.0
713,762197.0
714,764337.0
715,766480.0
716,768626.0
717,770775.0
718,772927.0
719,775082.0
720,777240.0
721,779401.0
722,781565.0
723,783732.0
724,785902.0
725,788075.0
726,790251.0
727,792430.0
728,794612.0
729,796797.0
730,798985.0
731,801176.0
732,803370.0
733,805567.0
734,807767.0
735,809970.0
736,812176.0
737,814385.0
738,816597.0
739,818812.0
740,821030.0
741,823251.0
742,825475.0
743,827702.0
744,829932.0
745,832165.0
746,834401.0
747,836640.0
748,838882.0
749,841127.0
750,843375.0
751,845626.0
752,847880.0
753,850137.0
754,852397.0
755,854660.0
756,856926.0
757,859195.0
758,861467.0
759,863742.0
760,866020.0
761,868301.0
762,870585.0
763,872872.0
764,875162.0
765,877455.0
766,879751.0
767,882050.0
768,884352.0
769,886657.0
770,888965.0
771,891276.0
772,893590.0
773,895907.0
774,898227.0
775,900550.0
776,902876.0
777,905205.0
778,907537.0
779,909872.0
780,912210.0
781,914551.0
782,916895.0
783,919242.0
784,921592.0
785,923945.0
786,926301.0
787,928660.0
788,931022.0
789,933387.0
790,935755.0
791,938126.0
792,940500.0
793,942877.0
794,945257.0
795,947640.0
796,950026.0
797,952415.0
798,954807.0
799,957202.0
800,959600.0
801,962001.0
802,964405.0
803,966812.0
804,969222.0
805,971635.0
806,974051.0
807,976470.0
808,978892.0
809,981317.0
810,983745.0
811,986176.0
812,988610.0
813,991047.0
814,993487.0
815,995930.0
816,998376.0
817,1000825.0
818,1003277.0
819,1005732.0
820,1008190.0
821,1010651.0
822,1013115.0
823,1015582.0
824,1018052.0
825,1020525.0
826,1023001.0
827,1025480.0
828,1027962.0
829,1030447.0
830,1032935.0
831,1035426.0
832,1037920.0
833,1040417.0
834,1042917.0
835,1045420.0
836,1047926.0
837,1050435.0
838,1052947.0
839,1055462.0
840,1057980.0
841,1060501.0
842,1063025.0
843,1065552.0
844,1068082.0
845,1070615.0
846,1073151.0
847,1075690.0
848,1078232.0
849,1080777.0
850,1083325.0
851,1085876.0
852,1088430.0
853,1090987.0
854,1093547.0
855,1096110.0
856,1098676.0
857,1101245.0
858,1103817.0
859,1106392.0
860,1108970.0
861,1111551.0
862,1114135.0
863,1116722.0
864,1119312.0
865,1121905.0
866,1124501.0
867,1127100.0
868,1129702.0
869,1132307.0
870,1134915.0
871,1137526.0
872,1140140.0
873,1142757.0
874,1145377.0
875,1148000.0
876,1150626.0
877,1153255.0
878,1155887.0
879,1158522.0
880,1161160.0
881,1163801.0
882,1166445.0
883,1169092.0
884,1171742.0
885,1174395.0
886,1177051.0
887,1179710.0
888,1182372.0
889,1185037.0
890,1187705.0
891,1190376.0
892,1193050.0
893,1195727.0
894,1198407.0
895,1201090.0
896,1203776.0
897,1206465.0
898,1209157.0
899,1211852.0
900,1214550.0
901,1217251.0
902,1219955.0
903,1222662.0
904,1225372.0
905,1228085.0
906,1230801.0
907,1233520.0
908,1236242.0
909,1238967.0
910,1241695.0
911,1244426.0
912,1247160.0
913,1249897.0
914,1252637.0
915,1255380.0
916,1258126.0
917,1260875.0
918,1263627.0
919,1266382.0
920,1269140.0
921,1271901.0
922,1274665.0
923,1277432.0
924,1280202.0
925,1282975.0
926,1285751.0
927,1288530.0
928,1291312.0
929,1294097.0
930,1296885.0
931,1299676.0
932,1302470.0
933,1305267.0
934,1308067.0
935,1310870.0
936,1313676.0
937,1316485.0
938,1319297.0
939,1322112.0
940,1324930.0
941,1327751.0
942,1330575.0
943,1333402.0
944,1336232.0
945,1339065.0
946,1341901.0
947,1344740.0
948,1347582.0
949,1350427.0
950,1353275.0
951,1356126.0
952,1358980.0
953,1361837.0
954,1364697.0
955,1367560.0
956,1370426.0
957,1373295.0
958,1376167.0
959,1379042.0
960,1381920.0
961,1384801.0
962,1387685.0
963,1390572.0
964,1393462.0
965,1396355.0
966,1399251.0
967,1402150.0
968,1405052.0
969,1407957.0
970,1410865.0
971,1413776.0
972,1416690.0
973,1419607.0
974,1422527.0
975,1425450.0
976,1428376.0
977,1431305.0
978,1434237.0
979,1437172.0
980,1440110.0
981,1443051.0
982,1445995.0
983,1448942.0
984,1451892.0
985,1454845.0
986,1457801.0
987,1460760.0
988,1463722.0
989,1466687.0
990,1469655.0
991,1472626.0
992,1475600.0
993,1478577.0
994,1481557.0
995,1484540.0
996,1487526.0
997,1490515.0
998,1493507.0
999,1496502.0
1000,1499500.0
1001,1502501.0
1002,1505505.0
1003,1508512.0
1004,1511522.0
1005,1514535.0
1006,1517551.0
1007,1520570.0
1008,1523592.0
1009,1526617.0
1010,1529645.0
1011,1532676.0
1012,1535710.0
1013,1538747.0
1014,1541787.0
1015,1544830.0
1016,1547876.0
1017,1550925.0
1018,1553977.0
1019,1557032.0
1020,1560090.0
1021,1563151.0
1022,1566215.0
1023,1569282.0
1024,1572352.0
1025,1575425.0
1026,1578501.0
1027,1581580.0
1028,1584662.0
1029,1587747.0
1030,1590835.0
1031,1593926.0
1032,1597020.0
1033,1600117.0
1034,1603217.0
1035,1606320.0
1036,1609426.0
1037,1612535.0
1038,1615647.0
1039,1618762.0
1040,1621880.0
1041,1625001.0
1042,1628125.0
1043,1631252.0
1044,1634382.0
1045,1637515.0
1046,1640651.0
1047,1643790.0
1048,1646932.0
1049,1650077.0
1050,1653225.0
1051,1656376.0
1052,1659530.0
1053,1662687.0
1054,1665847.0
1055,1669010.0
1056,1672176.0
1057,1675345.0
1058,1678517.0
1059,1681692.0
1060,1684870.0
1061,1688051.0
1062,1691235.0
1063,1694422.0
1064,1697612.0
1065,1700805.0
1066,1704001.0
1067,1707200.0
1068,1710402.0
1069,1713607.0
1070,1716815.0
1071,1720026.0
1072,1723240.0
1073,1726457.0
1074,1729677.0
1075,1732900.0
1076,1736126.0
1077,1739355.0
1078,1742587.0
1079,1745822.0
1080,1749060.0
1081,1752301.0
1082,1755545.0
1083,1758792.0
1084,1762042.0
1085,1765295.0
1086,1768551.0
1087,1771810.0
1088,1775072.0
1089,1778337.0
1090,1781605.0
1091,1784876.0
1092,1788150.0
1093,1791427.0
1094,1794707.0
1095,1797990.0
1096,1801276.0
1097,1804565.0
1098,1807857.0
1099,1811152.0
1100,1814450.0
1101,1817751.0
1102,1821055.0
1103,1824362.0
1104,1827672.0
1105,1830985.0
1106,1834301.0
1107,1837620.0
1108,1840942.0
1109,1844267.0
1110,1847595.0
1111,1850926.0
1112,1854260.0
1113,1857597.0
1114,1860937.0
1115,1864280.0
1116,1867626.0
1117,1870975.0
1118,1874327.0
1119,1877682.0
1120,1881040.0
1121,1884401.0
1122,1887765.0
1123,1891132.0
1124,1894502.0
1125,1897875.0
1126,1901251.0
1127,1904630.0
1128,1908012.0
1129,1911397.0
1130,1914785.0
1131,1918176.0
1132,1921570.0
1133,1924967.0
1134,1928367.0
1135,1931770.0
1136,1935176.0
1137,1938585.0
1138,1941997.0
1139,1945412.0
1140,1948830.0
1141,1952251.0
1142,1955675.0
1143,1959102.0
1144,1962532.0
1145,1965965.0
1146,1969401.0
1147,1972840.0
1148,1976282.0
1149,1979727.0
1150,1983175.0
1151,1986626.0
1152,1990080.0
1153,1993537.0
1154,1996997.0
1155,2000460.0
1156,2003926.0
1157,2007395.0
1158,2010867.0
1159,2014342.0
1160,2017820.0
1161,2021301.0
1162,2024785.0
1163,2028272.0
1164,2031762.0
1165,2035255.0
1166,2038751.0
1167,2042250.0
1168,2045752.0
1169,2049257.0
1170,2052765.0
1171,2056276.0
1172,2059790.0
1173,2063307.0
1174,2066827.0
1175,2070350.0
1176,2073876.0
1177,2077405.0
1178,2080937.0
1179,2084472.0
1180,2088010.0
1181,2091551.0
1182,2095095.0
1183,2098642.0
1184,2102192.0
1185,2105745.0
1186,2109301.0
1187,2112860.0
1188,2116422.0
1189,2119987.0
1190,2123555.0
1191,2127126.0
1192,2130700.0
1193,2134277.0
1194,2137857.0
1195,2141440.0
1196,2145026.0
1197,2148615.0
1198,2152207.0
1199,2155802.0
1200,2159400.0
1201,2163001.0
1202,2166605.0
1203,2170212.0
1204,2173822.0
1205,2177435.0
1206,2181051.0
1207,2184670.0
1208,2188292.0
1209,2191917.0
1210,2195545.0
1211,2199176.0
1212,2202810.0
1213,2206447.0
1214,2210087.0
1215,2213730.0
1216,2217376.0
1217,2221025.0
1218,2224677.0
1219,2228332.0
1220,2231990.0
1221,2235651.0
1222,2239315.0
1223,2242982.0
1224,2246652.0
1225,2250325.0
1226,2254001.0
1227,2257680.0
1228,2261362.0
1229,2265047.0
1230,2268735.0
1231,2272426.0
1232,2276120.0
1233,2279817.0
1234,2283517.0
1235,2287220.0
1236,2290926.0
1237,2294635.0
1238,2298347.0
1239,2302062.0
1240,2305780.0
1241,2309501.0
1242,2313225.0
1243,2316952.0
1244,2320682.0
1245,2324415.0
1246,2328151.0
1247,2331890.0
1248,2335632.0
1249,2339377.0
1250,2343125.0
1251,2346876.0
1252,2350630.0
1253,2354387.0
1254,2358147.0
1255,2361910.0
1256,2365676.0
1257,2369445.0
1258,2373217.0
1259,2376992.0
1260,2380770.0
1261,2384551.0
1262,2388335.0
1263,2392122.0
1264,2395912.0
1265,2399705.0
1266,2403501.0
1267,2407300.0
1268,2411102.0
1269,2414907.0
1270,2418715.0
1271,2422526.0
1272,2426340.0
1273,2430157.0
1274,2433977.0
1275,2437800.0
1276,2441626.0
1277,2445455.0
1278,2449287.0
1279,2453122.0
1280,2456960.0
1281,2460801.0
1282,2464645.0
1283,2468492.0
1284,2472342.0
1285,2476195.0
1286,2480051.0
1287,2483910.0
1288,2487772.0
1289,2491637.0
1290,2495505.0
1291,2499376.0
1292,2503250.0
1293,2507127.0
1294,2511007.0
1295,2514890.0
1296,2518776.0
1297,2522665.0
1298,2526557.0
1299,2530452.0
1300,2534350.0
1301,2538251.0
1302,2542155.0
1303,2546062.0
1304,2549972.0
1305,2553885.0
1306,2557801.0
1307,2561720.0
1308,2565642.0
1309,2569567.0
1310,2573495.0
1311,2577426.0
1312,2581360.0
1313,2585297.0
1314,2589237.0
1315,2593180.0
1316,2597126.0
1317,2601075.0
1318,2605027.0
1319,2608982.0
1320,2612940.0
1321,2616901.0
1322,2620865.0
1323,2624832.0
1324,2628802.0
1325,2632775.0
1326,2636751.0
1327,2640730.0
1328,2644712.0
1329,2648697.0
1330,2652685.0
1331,2656676.0
1332,2660670.0
1333,2664667.0
1334,2668667.0
1335,2672670.0
1336,2676676.0
1337,2680685.0
1338,2684697.0
1339,2688712.0
1340,2692730.0
1341,2696751.0
1342,2700775.0
1343,2704802.0
1344,2708832.0
1345,2712865.0
1346,2716901.0
1347,2720940.0
1348,2724982.0
1349,2729027.0
1350,2733075.0
1351,2737126.0
1352,2741180.0
1353,2745237.0
1354,2749297.0
1355,2753360.0
1356,2757426.0
1357,2761495.0
1358,2765567.0
1359,2769642.0
1360,2773720.0
1361,2777801.0
1362,2781885.0
1363,2785972.0
1364,2790062.0
1365,2794155.0
1366,2798251.0
1367,2802350.0
1368,2806452.0
1369,2810557.0
1370,2814665.0
1371,2818776.0
1372,2822890.0
1373,2827007.0
1374,2831127.0
1375,2835250.0
1376,2839376.0
1377,2843505.0
1378,2847637.0
1379,2851772.0
1380,2855910.0
1381,2860051.0
1382,2864195.0
1383,2868342.0
1384,2872492.0
1385,2876645.0
1386,2880801.0
1387,2884960.0
1388,2889122.0
1389,2893287.0
1390,2897455.0
1391,2901626.0
1392,2905800.0
1393,2909977.0
1394,2914157.0
1395,2918340.0
1396,2922526.0
1397,2926715.0
1398,2930907.0
1399,2935102.0
1400,2939300.0
1401,2943501.0
1402,2947705.0
1403,2951912.0
1404,2956122.0
1405,2960335.0
1406,2964551.0
1407,2968770.0
1408,2972992.0
1409,2977217.0
1410,2981445.0
1411,2985676.0
1412,2989910.0
1413,2994147.0
1414,2998387.0
1415,3002630.0
1416,3006876.0
1417,3011125.0
1418,3015377.0
1419,3019632.0
1420,3023890.0
1421,3028151.0
1422,3032415.0
1423,3036682.0
1424,3040952.0
1425,3045225.0
1426,3049501.0
1427,3053780.0
1428,3058062.0
1429,3062347.0
1430,3066635.0
1431,3070926.0
1432,3075220.0
1433,3079517.0
1434,3083817.0
1435,3088120.0
1436,3092426.0
1437,3096735.0
1438,3101047.0
1439,3105362.0
1440,3109680.0
1441,3114001.0
1442,3118325.0
1443,3122652.0
1444,3126982.0
1445,3131315.0
1446,3135651.0
1447,3139990.0
1448,3144332.0
1449,3148677.0
1450,3153025.0
1451,3157376.0
1452,3161730.0
1453,3166087.0
1454,3170447.0
1455,3174810.0
1456,3179176.0
1457,3183545.0
1458,3187917.0
1459,3192292.0
1460,3196670.0
1461,3201051.0
1462,3205435.0
1463,3209822.0
1464,3214212.0
1465,3218605.0
1466,3223001.0
1467,3227400.0
1468,3231802.0
1469,3236207.0
1470,3240615.0
1471,3245026.0
1472,3249440.0
1473,3253857.0
1474,3258277.0
1475,3262700.0
1476,3267126.0
1477,3271555.0
1478,3275987.0
1479,3280422.0
1480,3284860.0
1481,3289301.0
1482,3293745.0
1483,3298192.0
1484,3302642.0
1485,3307095.0
1486,3311551.0
1487,3316010.0
1488,3320472.0
1489,3324937.0
1490,3329405.0
1491,3333876.0
1492,3338350.0
1493,3342827.0
1494,3347307.0
1495,3351790.0
1496,3356276.0
1497,3360765.0
1498,3365257.0
1499,3369752.0
1500,3374250.0
1501,3378751.0
1502,3383255.0
1503,3387762.0
1504,3392272.0
1505,3396785.0
1506,3401301.0
1507,3405820.0
1508,3410342.0
1509,3414867.0
1510,3419395.0
1511,3423926.0
1512,3428460.0
1513,3432997.0
1514,3437537.0
1515,3442080.0
1516,3446626.0
1517,3451175.0
1518,3455727.0
1519,3460282.0
1520,3464840.0
1521,3469401.0
1522,3473965.0
1523,3478532.0
1524,3483102.0
1525,3487675.0
1526,3492251.0
1527,3496830.0
1528,3501412.0
1529,3505997.0
1530,3510585.0
1531,3515176.0
1532,3519770.0
1533,3524367.0
1534,3528967.0
1535,3533570.0
1536,3538176.0
1537,3542785.0
1538,3547397.0
1539,3552012.0
1540,3556630.0
1541,3561251.0
1542,3565875.0
1543,3570502.0
1544,3575132.0
1545,3579765.0
1546,3584401.0
1547,3589040.0
1548,3593682.0
1549,3598327.0
1550,3602975.0
1551,3607626.0
1552,3612280.0
1553,3616937.0
1554,3621597.0
1555,3626260.0
1556,3630926.0
1557,3635595.0
1558,3640267.0
1559,3644942.0
1560,3649620.0
1561,3654301.0
1562,3658985.0
1563,3663672.0
1564,3668362.0
1565,3673055.0
1566,3677751.0
1567,3682450.0
1568,3687152.0
1569,3691857.0
1570,3696565.0
1571,3701276.0
1572,3705990.0
1573,3710707.0
1574,3715427.0
1575,3720150.0
1576,3724876.0
1577,3729605.0
1578,3734337.0
1579,3739072.0
1580,3743810.0
1581,3748551.0
1582,3753295.0
1583,3758042.0
1584,3762792.0
1585,3767545.0
1586,3772301.0
1587,3777060.0
1588,3781822.0
1589,3786587.0
1590,3791355.0
1591,3796126.0
1592,3800900.0
1593,3805677.0
1594,3810457.0
1595,3815240.0
1596,3820026.0
1597,3824815.0
1598,3829607.0
1599,3834402.0
1600,3839200.0
1601,3844001.0
1602,3848805.0
1603,3853612.0
1604,3858422.0
1605,3863235.0
1606,3868051.0
1607,3872870.0
1608,3877692.0
1609,3882517.0
1610,3887345.0
1611,3892176.0
1612,3897010.0
1613,3901847.0
1614,3906687.0
1615,3911530.0
1616,3916376.0
1617,3921225.0
1618,3926077.0
1619,3930932.0
1620,3935790.0
1621,3940651.0
1622,3945515.0
1623,3950382.0
1624,3955252.0
1625,3960125.0
1626,3965001.0
1627,3969880.0
1628,3974762.0
1629,3979647.0
1630,3984535.0
1631,3989426.0
1632,3994320.0
1633,3999217.0
1634,4004117.0
1635,4009020.0
1636,4013926.0
1637,4018835.0
1638,4023747.0
1639,4028662.0
1640,4033580.0
1641,4038501.0
1642,4043425.0
1643,4048352.0
1644,4053282.0
1645,4058215.0
1646,4063151.0
1647,4068090.0
1648,4073032.0
1649,4077977.0
1650,4082925.0
1651,4087876.0
1652,4092830.0
1653,4097787.0
1654,4102747.0
1655,4107710.0
1656,4112676.0
1657,4117645.0
1658,4122617.0
1659,4127592.0
1660,4132570.0
1661,4137551.0
1662,4142535.0
1663,4147522.0
1664,4152512.0
1665,4157505.0
1666,4162501.0
1667,4167500.0
1668,4172502.0
1669,4177507.0
1670,4182515.0
1671,4187526.0
1672,4192540.0
1673,4197557.0
1674,4202577.0
1675,4207600.0
1676,4212626.0
1677,4217655.0
1678,4222687.0
1679,4227722.0
1680,4232760.0
1681,4237801.0
1682,4242845.0
1683,4247892.0
1684,4252942.0
1685,4257995.0
1686,4263051.0
1687,4268110.0
1688,4273172.0
1689,4278237.0
1690,4283305.0
1691,4288376.0
1692,4293450.0
1693,4298527.0
1694,4303607.0
1695,4308690.0
1696,4313776.0
1697,4318865.0
1698,4323957.0
1699,4329052.0
1700,4334150.0
1701,4339251.0
1702,4344355.0
